00,	00,	00,	00,	00,	00,	00,	00,	00,	00,	00,	00,	00,	00,	00,	00,	00,	00,	00,	00,	00,	00,	00,	00,	00,	00,	00,	00,	00,	00,	00,	00,	00,	00,	00,	00,	00,	00,	00,	00,	00,	00,	00,	00,	00,	00,	00,	00,	00,	00,
	00,	00,	00,	00,	00,	00,	00,	00,	00,	00,	00,	00,	00,	00,	00,	00,	00,	00,	00,	00,	00,	00,	00,	00,	00,	00,	00,	00,	00,	00,	00,	00,	00,	00,	00,	00,	00,	00,	00,	00,	00,	00,	00,	00,	00,	00,	00,	00,	00,	00,
	00,	00,	00,	00,	00,	00,	00,	00,	00,	00,	00,	00,	00,	00,	00,	00,	00,	00,	00,	00,	00,	00,	00,	00,	00,	00,	00,	00,	00,	00,	00,	00,	00,	00,	00,	00,	00,	00,	00,	00,	00,	00,	00,	00,	00,	00,	00,	00,	00,	00,
	00,	00,	00,	00,	00,	00,	00,	00,	00,	00,	00,	00,	00,	00,	00,	00,	00,	00,	00,	00,	00,	00,	00,	00,	00,	00,	00,	00,	00,	00,	00,	00,	00,	00,	00,	00,	00,	00,	00,	00,	00,	00,	00,	00,	00,	00,	00,	00,	00,	00,
	00,	00,	00,	00,	00,	00,	00,	00,	00,	00,	00,	00,	00,	00,	00,	00,	00,	00,	00,	00,	00,	00,	00,	00,	00,	00,	00,	00,	00,	00,	00,	00,	00,	00,	00,	00,	00,	00,	00,	00,	00,	00,	00,	00,	00,	00,	00,	00,	00,	00,
	00,	00,	00,	00,	00,	00,	00,	00,	00,	00,	00,	00,	00,	00,	00,	00,	00,	00,	00,	00,	00,	00,	00,	00,	00,	00,	00,	00,	00,	00,	00,	00,	00,	00,	00,	28,	24,	24,	24,	24,	26,	00,	00,	00,	00,	00,	00,	00,	00,	00,
	00,	00,	00,	00,	00,	00,	00,	00,	00,	00,	00,	00,	00,	00,	00,	00,	00,	00,	00,	00,	00,	00,	00,	00,	00,	00,	00,	00,	00,	00,	00,	00,	00,	00,	00,	23,	21,	21,	21,	21,	22,	00,	00,	00,	00,	00,	00,	00,	00,	00,
	00,	00,	00,	00,	00,	00,	00,	00,	00,	00,	00,	00,	00,	00,	00,	00,	00,	00,	00,	00,	00,	00,	00,	00,	00,	00,	00,	00,	00,	00,	00,	00,	00,	00,	00,	23,	21,	21,	21,	21,	22,	00,	00,	00,	00,	00,	00,	00,	00,	00,
	00,	00,	00,	00,	00,	00,	00,	00,	00,	00,	00,	00,	00,	00,	00,	00,	00,	00,	00,	00,	00,	00,	00,	00,	00,	00,	00,	00,	00,	00,	00,	00,	00,	00,	00,	23,	21,	21,	21,	21,	22,	00,	00,	00,	00,	00,	00,	00,	00,	00,
	00,	00,	00,	00,	00,	00,	00,	00,	00,	00,	00,	00,	00,	00,	00,	00,	00,	00,	00,	00,	00,	00,	00,	00,	00,	00,	00,	00,	00,	00,	00,	00,	00,	00,	00,	23,	21,	21,	21,	21,	22,	00,	00,	00,	00,	00,	00,	00,	00,	00,
	00,	00,	00,	00,	00,	00,	00,	00,	00,	00,	00,	00,	00,	00,	00,	00,	00,	00,	00,	00,	00,	00,	00,	00,	00,	00,	00,	00,	00,	00,	00,	00,	00,	00,	00,	23,	21,	21,	21,	21,	22,	00,	00,	00,	00,	00,	00,	00,	00,	00,
	00,	00,	00,	00,	00,	00,	00,	00,	00,	00,	00,	00,	00,	00,	00,	00,	00,	00,	00,	28,	24,	26,	00,	00,	00,	00,	00,	00,	00,	00,	00,	00,	00,	00,	00,	23,	21,	21,	21,	21,	22,	00,	00,	00,	00,	00,	00,	00,	00,	00,
	00,	00,	00,	00,	00,	00,	00,	00,	00,	00,	00,	00,	00,	00,	00,	00,	00,	00,	00,	23,	21,	22,	00,	00,	00,	00,	00,	00,	00,	00,	00,	00,	00,	00,	00,	29,	25,	25,	25,	25,	27,	00,	00,	00,	00,	00,	00,	00,	00,	00,
	00,	00,	00,	00,	00,	00,	00,	00,	00,	00,	00,	00,	00,	00,	00,	00,	00,	00,	00,	29,	25,	27,	00,	00,	00,	00,	00,	00,	00,	00,	00,	00,	00,	00,	00,	00,	00,	00,	00,	00,	00,	00,	00,	00,	00,	00,	00,	00,	00,	00,
	00,	00,	00,	00,	00,	00,	00,	00,	00,	00,	00,	00,	00,	00,	00,	00,	00,	00,	00,	00,	00,	00,	00,	00,	00,	00,	00,	00,	00,	00,	00,	00,	00,	00,	00,	00,	00,	00,	00,	00,	00,	00,	00,	00,	00,	00,	00,	00,	00,	00,
	00,	00,	00,	00,	00,	00,	00,	00,	00,	00,	00,	00,	00,	00,	00,	00,	00,	00,	00,	31,	30,	00,	00,	00,	00,	00,	00,	00,	00,	00,	00,	00,	00,	00,	00,	00,	00,	00,	00,	00,	00,	00,	00,	00,	00,	00,	00,	00,	00,	00,
	00,	00,	00,	00,	00,	00,	00,	00,	00,	00,	00,	00,	00,	00,	00,	00,	00,	00,	00,	33,	32,	00,	00,	00,	00,	00,	00,	00,	00,	00,	00,	00,	00,	00,	00,	00,	00,	00,	00,	00,	00,	00,	00,	00,	00,	00,	00,	00,	00,	00,
	00,	00,	00,	00,	00,	00,	00,	00,	00,	00,	00,	00,	00,	00,	00,	00,	00,	00,	00,	00,	00,	00,	00,	00,	00,	00,	00,	00,	00,	00,	00,	00,	00,	00,	00,	00,	00,	00,	00,	00,	00,	00,	00,	00,	00,	00,	00,	00,	00,	00,
	00,	00,	00,	00,	00,	00,	00,	00,	00,	00,	00,	00,	00,	00,	00,	00,	00,	00,	00,	00,	00,	00,	00,	00,	00,	00,	00,	00,	00,	00,	00,	00,	00,	00,	00,	00,	00,	00,	00,	00,	00,	00,	00,	00,	00,	00,	00,	00,	00,	00,
	00,	00,	00,	00,	00,	00,	00,	00,	00,	00,	00,	00,	00,	00,	00,	00,	00,	00,	00,	00,	00,	00,	00,	00,	00,	00,	00,	00,	00,	00,	00,	00,	00,	00,	00,	00,	00,	00,	00,	00,	00,	00,	00,	00,	00,	00,	00,	00,	00,	00,
	00,	00,	00,	00,	00,	00,	00,	00,	00,	00,	00,	00,	00,	00,	00,	00,	00,	00,	00,	29,	25,	25,	00,	00,	00,	00,	00,	00,	00,	00,	00,	00,	00,	00,	00,	00,	00,	00,	00,	00,	00,	00,	00,	00,	00,	00,	00,	00,	00,	00,
	00,	00,	00,	00,	00,	00,	00,	00,	00,	00,	00,	00,	00,	00,	00,	00,	00,	00,	00,	00,	00,	00,	00,	00,	00,	00,	00,	00,	00,	00,	00,	00,	00,	00,	00,	00,	00,	00,	00,	00,	00,	00,	00,	00,	00,	00,	00,	00,	00,	00,
	00,	00,	00,	00,	00,	00,	00,	00,	00,	00,	00,	00,	00,	00,	00,	00,	00,	00,	00,	00,	00,	00,	00,	00,	00,	00,	00,	00,	00,	00,	00,	00,	00,	00,	00,	00,	00,	00,	00,	00,	00,	00,	00,	00,	00,	00,	00,	00,	00,	00,
	00,	00,	00,	00,	00,	00,	00,	00,	00,	00,	00,	00,	00,	00,	00,	00,	00,	00,	00,	00,	00,	00,	00,	00,	00,	00,	00,	00,	00,	00,	00,	00,	00,	00,	00,	00,	00,	00,	00,	00,	00,	00,	00,	00,	00,	00,	00,	00,	00,	00,
	00,	00,	00,	00,	00,	00,	00,	00,	00,	00,	00,	00,	00,	00,	00,	00,	00,	00,	00,	00,	00,	00,	00,	00,	00,	00,	00,	00,	00,	00,	00,	00,	00,	00,	00,	00,	00,	00,	00,	00,	00,	00,	00,	00,	00,	00,	00,	00,	00,	00,
	00,	00,	00,	00,	00,	00,	00,	00,	00,	00,	00,	00,	00,	00,	00,	00,	00,	00,	00,	00,	00,	00,	00,	00,	00,	00,	00,	00,	00,	00,	00,	00,	00,	00,	00,	00,	00,	00,	00,	00,	00,	00,	00,	00,	00,	00,	00,	00,	00,	00,
	00,	00,	00,	00,	00,	00,	00,	00,	00,	00,	00,	00,	00,	00,	00,	00,	00,	00,	00,	00,	00,	00,	00,	00,	00,	00,	00,	00,	00,	00,	00,	00,	00,	00,	00,	00,	00,	00,	00,	00,	00,	00,	00,	00,	00,	00,	00,	00,	00,	00,
	00,	00,	00,	00,	00,	00,	00,	00,	00,	00,	00,	00,	00,	00,	00,	00,	00,	00,	00,	00,	00,	00,	00,	00,	00,	28,	24,	26,	00,	00,	00,	00,	00,	00,	00,	00,	00,	00,	00,	00,	00,	00,	00,	00,	00,	00,	00,	00,	00,	00,
	00,	00,	00,	00,	00,	00,	00,	00,	00,	00,	00,	00,	00,	00,	00,	00,	00,	00,	00,	00,	00,	00,	00,	00,	00,	23,	71,	22,	24,	24,	24,	26,	00,	00,	00,	00,	00,	00,	00,	00,	00,	00,	00,	00,	00,	00,	00,	00,	00,	00,
	00,	00,	00,	00,	00,	00,	00,	00,	00,	00,	00,	00,	00,	00,	00,	00,	00,	00,	00,	00,	00,	00,	00,	00,	00,	23,	21,	22,	73,	21,	72,	30,	24,	26,	00,	00,	00,	00,	00,	00,	00,	00,	00,	00,	00,	00,	00,	00,	00,	00,
	00,	00,	00,	00,	00,	00,	00,	00,	00,	00,	00,	00,	00,	00,	00,	00,	00,	00,	00,	00,	00,	00,	00,	00,	00,	23,	21,	72,	21,	72,	21,	75,	21,	30,	26,	00,	00,	00,	00,	00,	00,	00,	00,	00,	00,	00,	00,	00,	00,	00,
	00,	00,	00,	00,	00,	00,	00,	00,	00,	00,	00,	00,	00,	00,	00,	00,	00,	00,	00,	00,	00,	00,	00,	00,	00,	23,	72,	21,	72,	21,	72,	72,	21,	70,	22,	00,	00,	00,	00,	00,	00,	00,	00,	00,	00,	00,	00,	00,	00,	00,
	00,	00,	00,	00,	00,	00,	00,	00,	00,	00,	00,	00,	00,	00,	00,	00,	00,	00,	00,	00,	00,	00,	00,	00,	00,	23,	21,	72,	21,	72,	21,	72,	72,	21,	22,	00,	00,	00,	00,	00,	00,	00,	00,	00,	00,	00,	00,	00,	00,	00,
	00,	00,	00,	00,	00,	00,	00,	00,	00,	00,	00,	00,	00,	00,	00,	00,	00,	00,	00,	00,	00,	00,	00,	00,	00,	29,	33,	21,	72,	21,	72,	21,	32,	25,	27,	00,	00,	00,	00,	00,	00,	00,	00,	00,	00,	00,	00,	00,	00,	00,
	00,	00,	00,	00,	00,	00,	00,	00,	00,	00,	00,	00,	00,	00,	00,	00,	00,	00,	00,	00,	00,	00,	00,	00,	00,	00,	29,	25,	25,	25,	25,	25,	27,	00,	00,	00,	00,	00,	00,	00,	00,	00,	00,	00,	00,	00,	00,	00,	00,	00,
	00,	00,	00,	00,	00,	00,	00,	00,	00,	00,	00,	00,	00,	00,	00,	00,	00,	00,	00,	00,	00,	00,	00,	00,	00,	00,	00,	00,	00,	00,	00,	00,	00,	00,	00,	00,	00,	00,	00,	00,	00,	00,	00,	00,	00,	00,	00,	00,	00,	00,
	00,	00,	00,	00,	00,	00,	00,	00,	00,	00,	00,	00,	00,	00,	00,	00,	00,	00,	00,	00,	00,	00,	00,	00,	00,	00,	00,	00,	00,	00,	00,	00,	00,	00,	00,	00,	00,	00,	00,	00,	00,	00,	00,	00,	00,	00,	00,	00,	00,	00,
	00,	00,	00,	00,	00,	00,	00,	00,	00,	00,	00,	00,	00,	00,	00,	00,	00,	00,	00,	00,	00,	00,	00,	00,	00,	00,	00,	00,	00,	00,	00,	00,	00,	00,	00,	00,	00,	00,	00,	00,	00,	00,	00,	00,	00,	00,	00,	00,	00,	00,
	00,	00,	00,	00,	00,	00,	00,	00,	00,	00,	00,	00,	00,	00,	00,	00,	00,	00,	00,	00,	00,	00,	00,	00,	00,	00,	00,	00,	00,	00,	00,	00,	00,	00,	00,	00,	00,	00,	00,	00,	00,	00,	00,	00,	00,	00,	00,	00,	00,	00,
	00,	00,	00,	00,	00,	00,	00,	00,	00,	00,	00,	00,	00,	00,	00,	00,	00,	00,	00,	00,	00,	00,	00,	00,	00,	00,	00,	00,	00,	00,	00,	00,	00,	00,	00,	00,	00,	00,	00,	00,	00,	00,	00,	00,	00,	00,	00,	00,	00,	00,
	00,	00,	00,	00,	00,	00,	00,	00,	00,	00,	00,	00,	00,	00,	00,	00,	00,	00,	00,	00,	00,	00,	00,	00,	00,	00,	00,	00,	00,	00,	00,	00,	00,	00,	00,	00,	00,	00,	00,	00,	00,	00,	00,	00,	00,	00,	00,	00,	00,	00,
	00,	00,	00,	00,	00,	00,	00,	00,	00,	00,	00,	00,	00,	00,	00,	00,	00,	00,	00,	00,	00,	00,	00,	00,	00,	00,	00,	00,	00,	00,	00,	00,	00,	00,	00,	00,	00,	00,	00,	00,	00,	00,	00,	00,	00,	00,	00,	00,	00,	00,
	00,	00,	00,	00,	00,	00,	00,	00,	00,	00,	00,	00,	00,	00,	00,	00,	00,	00,	00,	00,	00,	00,	00,	00,	00,	00,	00,	00,	00,	00,	00,	00,	00,	00,	00,	00,	00,	00,	00,	00,	00,	00,	00,	00,	00,	00,	00,	00,	00,	00,
	00,	00,	00,	00,	00,	00,	00,	00,	00,	00,	00,	00,	00,	00,	00,	00,	00,	00,	00,	00,	00,	00,	00,	00,	00,	00,	00,	00,	00,	00,	00,	00,	00,	00,	00,	00,	00,	00,	00,	00,	00,	00,	00,	00,	00,	00,	00,	00,	00,	00,
	00,	00,	00,	00,	00,	00,	00,	00,	00,	00,	00,	00,	00,	00,	00,	00,	00,	00,	00,	00,	00,	00,	00,	00,	00,	00,	00,	00,	00,	00,	00,	00,	00,	00,	00,	00,	00,	00,	00,	00,	00,	00,	00,	00,	00,	00,	00,	00,	00,	00,
	00,	00,	00,	00,	00,	00,	00,	00,	00,	00,	00,	00,	00,	00,	00,	00,	00,	00,	00,	00,	00,	00,	00,	00,	00,	00,	00,	00,	00,	00,	00,	00,	00,	00,	00,	00,	00,	00,	00,	00,	00,	00,	00,	00,	00,	00,	00,	00,	00,	00,
	00,	00,	00,	00,	00,	00,	00,	00,	00,	00,	00,	00,	00,	00,	00,	00,	00,	00,	00,	00,	00,	00,	00,	00,	00,	00,	00,	00,	00,	00,	00,	00,	00,	00,	00,	00,	00,	00,	00,	00,	00,	00,	00,	00,	00,	00,	00,	00,	00,	00,
	00,	00,	00,	00,	00,	00,	00,	00,	00,	00,	00,	00,	00,	00,	00,	00,	00,	00,	00,	00,	00,	00,	00,	00,	00,	00,	00,	00,	00,	00,	00,	00,	00,	00,	00,	00,	00,	00,	00,	00,	00,	00,	00,	00,	00,	00,	00,	00,	00,	00,
	00,	00,	00,	00,	00,	00,	00,	00,	00,	00,	00,	00,	00,	00,	00,	00,	00,	00,	00,	00,	00,	00,	00,	00,	00,	00,	00,	00,	00,	00,	00,	00,	00,	00,	00,	00,	00,	00,	00,	00,	00,	00,	00,	00,	00,	00,	00,	00,	00,	00,
	00,	00,	00,	00,	00,	00,	00,	00,	00,	00,	00,	00,	00,	00,	00,	00,	00,	00,	00,	00,	00,	00,	00,	00,	00,	00,	00,	00,	00,	00,	00,	00,	00,	00,	00,	00,	00,	00,	00,	00,	00,	00,	00,	00,	00,	00,	00,	00,	00,	00,